16
1 0 0 0 0 0 0 0 0 0 0 0 0 0 0 0 
3 9 0 0 0 0 0 0 0 0 0 0 0 0 0 0 
3 1 6 0 0 0 0 0 0 0 0 0 0 0 0 0 
5 3 7 1 0 0 0 0 0 0 0 0 0 0 0 0 
6 3 5 6 9 0 0 0 0 0 0 0 0 0 0 0 
2 3 6 3 6 4 0 0 0 0 0 0 0 0 0 0 
9 1 7 2 4 6 5 0 0 0 0 0 0 0 0 0 
1 9 2 8 9 8 8 1 0 0 0 0 0 0 0 0 
4 3 1 8 1 4 9 3 9 0 0 0 0 0 0 0 
6 3 1 2 5 6 4 3 4 8 0 0 0 0 0 0 
2 5 4 7 5 1 6 2 7 3 9 0 0 0 0 0 
7 4 3 7 3 1 2 9 4 8 5 6 0 0 0 0 
8 6 8 2 9 1 5 5 3 9 8 9 3 0 0 0 
6 3 4 4 5 3 8 9 3 4 9 4 5 8 0 0 
7 1 3 1 7 6 8 8 4 9 4 8 2 1 5 0 
8 3 1 1 6 2 4 9 8 3 2 2 9 3 4 7 
